ARC LENGTH: 

x = [00.00000,12.04159,27.04159,42.07489,62.69042,82.79017,95.94312,108.94312,124.94312,137.94312,153.07586,170.10525,186.13647,204.13647,222.16423,240.19198,259.42737,279.82344,299.05883,318.29421,337.32051,355.34827,373.37602,391.37602,408.63870,425.66808,443.77886,463.77886,482.77886,500.77886,519.88383,539.11921,557.22998,575.34075,593.36851,609.39973,629.39973,647.39973,664.51697,682.76526,701.20435,719.45264,737.89172,755.35597,771.84840,788.00389,803.81528,819.04683,833.91289,849.56537,863.98757,879.60807,908.67696,937.74584,965.54872,989.96183,1015.51570,1042.44152,1070.24440,1098.26225,1121.06576,1143.08847,1163.08847,1185.56068,1210.56068,1225.85774,1243.12041,1258.15371,1272.29584,1284.33744,1303.98432,1319.21587,1335.49469,1356.89562,1373.44857,1389.94099,1409.58787,1431.72382,1455.13322,1478.83976,1500.79425,1517.07308,1533.47429,1553.47429,1570.67895,1587.64951,1602.41433,1618.69315,1635.72254,1651.34304,1669.37079,1683.29918,1700.38719,1714.31558,1729.54712,1743.47551,1758.73985,1778.46293,1802.67037,1831.09571,1862.24053,1893.48153,1924.59423,1941.62362,1957.90244,1976.34153,1991.96203,2008.99141,2026.02080,2043.71260,2075.54027,2103.82454,2119.63592,2135.25642,2164.32531,2188.36694,2212.57438,2236.42810,2251.19292,2265.08536,2279.85019,2294.61501,2308.54340,2321.95981,2334.32912,2356.89015,2377.77076,2398.38629,2421.79569,2436.11351,2448.76262,2464.41510,2480.22649,2497.71934,2515.74710,2533.23996,2549.79290,2566.79290,2583.34585,2600.34585,2616.89879,2632.55127,2648.20374,2664.01513,2678.33295,2690.98206,2714.06886,2733.48534,2754.86290,2777.42393,2790.84034,2816.47235,2841.06910,2859.45387,2875.94630,2891.24335,2908.33136,2927.30503,2949.44097,2961.60650,2974.64490,2986.64490,2998.64490,3022.83167,3042.93143,3058.22848,3074.22848,3089.22848,3104.22848,3120.25970,3135.39245,3149.53459,3164.09481,3179.61898,3179.61898];


CURVATURE: 

y = [00.04291,00.04157,00.03974,00.03725,00.03366,00.03018,00.02557,00.01972,00.01335,00.00786,00.00652,00.00624,00.00877,00.00873,00.00666,00.00420,00.00502,00.00623,00.01090,00.01443,00.01708,00.01748,00.01595,00.01243,00.00733,00.00547,00.00367,00.00471,00.00422,00.00485,00.00773,00.01411,00.02525,00.03791,00.05119,00.06423,00.07647,00.08753,00.09709,00.10508,00.11126,00.11573,00.11821,00.12206,00.12223,00.12202,00.11727,00.10929,00.09917,00.08875,00.08094,00.07518,00.07372,00.07528,00.07950,00.08620,00.09499,00.10440,00.11426,00.12313,00.13003,00.13515,00.13582,00.13069,00.11847,00.09978,00.07571,00.04912,00.02819,00.02648,00.02764,00.04598,00.06195,00.08158,00.10597,00.14194,00.18411,00.23141,00.28767,00.35479,00.43914,00.47058,00.51079,00.48381,00.44718,00.38985,00.32590,00.24619,00.16921,00.09823,00.05301,00.02924,00.01958,00.01701,00.03719,00.06917,00.08370,00.12107,00.10997,00.10082,00.08600,00.07527,00.05883,00.04655,00.03595,00.02668,00.01774,00.00907,00.00998,00.01146,00.02285,00.03477,00.04657,00.05822,00.06950,00.08033,00.09160,00.09995,00.10584,00.10690,00.10186,00.09257,00.07933,00.06346,00.04706,00.03056,00.01526,00.01296,00.01056,00.01959,00.02679,00.03058,00.03142,00.02826,00.02192,00.01341,00.01018,00.01064,00.01681,00.02594,00.03291,00.03702,00.03873,00.03770,00.03469,00.03030,00.02512,00.02113,00.01870,00.01936,00.02327,00.02914,00.03819,00.04751,00.05824,00.06985,00.08040,00.09147,00.09969,00.10527,00.10671,00.10366,00.09736,00.08840,00.10352,00.12608,00.17321,00.21018,00.25033,00.27901,00.31597,00.36307,00.42423,00.50290,00.59090];


SPEED: 

y = [00.28973,00.42188,00.52571,00.76684,00.94221,00.97226,01.14836,01.01740,01.05392,01.12825,01.12882,01.22106,01.27446,01.29288,01.35198,01.39618,01.41846,01.44074,01.43688,01.39319,01.37091,01.34813,01.31559,01.29718,01.29871,01.33560,01.32268,01.38555,01.35893,01.38979,01.37339,01.37543,01.35556,01.29645,01.33130,01.32926,01.31246,01.35336,01.32457,01.32915,01.35353,01.33907,01.30316,01.26455,01.21608,01.17489,01.14489,01.13561,01.10999,00.92440,00.96697,00.89766,00.93674,01.01784,00.98542,00.96565,00.96565,00.99890,00.97353,00.92831,00.85634,00.80519,00.95871,01.13509,01.17174,01.33911,01.13882,00.91076,00.83047,00.56898,00.48603,00.53576,00.54382,00.58658,00.68339,00.69017,00.75341,00.81995,00.84123,00.77584,00.65911,00.56509,00.40954,00.32890,00.23298,00.17218,00.12968,00.13769,00.27067,00.36532,00.48848,00.58082,00.55503,00.55503,00.53821,00.59166,00.67445,00.80816,00.95463,01.06086,01.33368,01.46348,01.36027,01.52850,01.20432,01.24272,01.25657,01.02000,01.08501,01.17376,01.27016,01.13419,01.22561,00.86800,00.85721,01.09434,01.15741,01.13312,01.24102,01.07336,01.05793,01.04915,00.83951,00.81621,00.71090,00.69452,00.95440,01.07868,01.05117,01.21802,01.07786,01.13643,01.23565,01.26960,01.28328,01.27419,01.24698,01.23789,01.23789,01.21303,01.19642,01.17449,01.13326,00.91958,00.87476,00.71855,00.69523,00.93201,00.82876,00.91279,00.91578,00.75660,00.78497,00.68964,00.62039,00.62582,00.79327,00.96536,00.95950,01.09463,00.75366,00.78488,00.69721,00.64948,00.69714,00.61240,00.56537,00.57214,00.56414,00.50514,00.46393,00.43799,00.46286,00.21906,00.00000];


plot(x,y,'-b');
